model:59, score:(0.6287710339974979, 1.0) 
model:64, score:(0.623343826671876, 1.0) 
model:69, score:(0.67643690659784, 1.0) 

