model:59, score:(0.606053612358883, 1.0) 
model:64, score:(0.6242821067174479, 1.0) 
model:69, score:(0.6397812738286265, 1.0) 

